1.69133138656616,384.567840576172
6.46907234191895,161.491394042969
5.66745328903198,379.909576416016
5.66745328903198,379.909576416016
6.32281732559204,393.132629394531
6.75913286209106,65.2050933837891
8.52933692932129,167.07177734375
10.360146522522,194.803085327148
12.5660734176636,490.216278076172
12.254469871521,502.179840087891
14.5687971115112,258.616577148438
14.5687971115112,258.616577148438
14.5687971115112,258.616577148438
15.2242755889893,321.396545410156
15.2969055175781,476.595397949219
15.2969055175781,476.595397949219
16.5646133422852,467.149566650391
17.8798542022705,230.268463134766
17.7901725769043,252.629516601562
21.7819309234619,133.309921264648
21.6883449554443,481.502593994141
23.8011436462402,439.642120361328
25.8858890533447,290.543823242188
27.7792282104492,259.117462158203
29.3206577301025,295.134704589844
29.3206577301025,295.134704589844
30.5335884094238,280.222900390625
30.8498497009277,288.32861328125
31.6561012268066,274.433959960938
34.2864723205566,160.252090454102
34.2864723205566,160.252090454102
35.8348007202148,146.846649169922
35.8348007202148,146.846649169922
37.7199363708496,158.456619262695
38.6089210510254,308.194763183594
41.7901916503906,148.012222290039
41.7807083129883,246.868865966797
41.7807083129883,246.868865966797
43.4439735412598,358.652374267578
43.7487716674805,404.677673339844
44.3154067993164,306.701049804688
45.3747444152832,85.9174880981445
47.3285446166992,73.0999298095703
47.8485069274902,213.33740234375
50.2109603881836,127.2822265625
50.2109603881836,127.2822265625
51.3293075561523,134.192123413086
52.0166549682617,241.853500366211
52.1956405639648,333.390411376953
52.3025436401367,354.083770751953
55.3639106750488,219.618560791016
54.4741249084473,231.604949951172
54.8897438049316,374.53857421875
54.8897438049316,374.53857421875
56.8429412841797,415.311462402344
58.3022727966309,122.197631835938
62.7435836791992,47.9883804321289
62.7435836791992,47.9883804321289
62.6648902893066,212.644882202148
62.4559707641602,218.156234741211
62.812068939209,470.788879394531
65.7640686035156,463.573333740234
67.0552520751953,313.128387451172
69.5496215820312,416.513275146484
69.5179672241211,161.262405395508
69.3593673706055,483.023651123047
71.5400543212891,83.0193557739258
71.0089263916016,459.739837646484
71.0089263916016,459.739837646484
71.8609313964844,353.081604003906
72.9055938720703,315.919250488281
73.1372222900391,472.217346191406
73.1372222900391,472.217346191406
76.7604446411133,417.161682128906
78.0049667358398,177.658447265625
78.2355346679688,406.880462646484
79.4882507324219,158.916152954102
78.8763961791992,241.232940673828
82.1540374755859,476.992950439453
83.0641403198242,430.976593017578
84.4724807739258,244.318572998047
84.3661575317383,411.639099121094
88.2018127441406,461.993194580078
89.3223724365234,39.394702911377
88.7797622680664,482.972320556641
89.7998733520508,447.961151123047
91.5487594604492,353.017059326172
91.7872009277344,214.873886108398
94.2574157714844,480.028289794922
97.1574249267578,6.49724292755127
97.1574249267578,6.49724292755127
98.172233581543,339.232879638672
99.4494934082031,67.7850799560547
99.8792495727539,477.071807861328
102.854873657227,8.97970390319824
102.210739135742,132.462951660156
102.210739135742,132.462951660156
104.091819763184,468.707336425781
106.036544799805,446.901519775391
106.036544799805,446.901519775391
110.756980895996,234.991424560547
111.568725585938,8.84370136260986
112.019073486328,126.890449523926
114.568649291992,70.9753646850586
114.770149230957,254.74609375
114.770149230957,254.74609375
116.101295471191,25.2095928192139
116.101295471191,25.2095928192139
115.826850891113,304.079193115234
117.922744750977,123.196884155273
122.157257080078,98.5765075683594
122.874168395996,304.134735107422
123.938346862793,207.691116333008
123.968002319336,381.462524414062
123.968002319336,381.462524414062
123.867706298828,450.299591064453
127.174072265625,96.7621002197266
127.51927947998,386.568389892578
129.202545166016,17.9139575958252
129.881851196289,205.654159545898
129.77587890625,6.26332950592041
129.77587890625,6.26332950592041
129.911972045898,169.234634399414
131.980087280273,440.828369140625
132.990341186523,176.704605102539
132.745712280273,381.885498046875
132.745712280273,381.885498046875
134.523727416992,89.7623138427734
136.91877746582,181.252410888672
137.892669677734,478.837310791016
139.360992431641,58.4076995849609
139.675735473633,400.101959228516
139.675735473633,400.101959228516
138.946151733398,464.697204589844
138.946151733398,464.697204589844
139.558624267578,63.4701042175293
141.128051757812,151.049163818359
141.961303710938,287.957153320312
142.670028686523,452.750305175781
142.670028686523,452.750305175781
143.867218017578,476.506286621094
145.55241394043,100.36946105957
146.0146484375,496.706878662109
148.101501464844,68.5674591064453
149.282852172852,57.5726356506348
149.282852172852,57.5726356506348
149.486923217773,199.127563476562
149.486923217773,199.127563476562
149.262817382812,351.576599121094
148.802764892578,359.275817871094
151.11181640625,346.216522216797
152.040023803711,378.253021240234
152.382598876953,498.940399169922
153.977020263672,444.478515625
154.43571472168,459.424530029297
154.43571472168,459.424530029297
155.463424682617,90.82958984375
156.402374267578,58.5981101989746
158.063858032227,498.925537109375
158.378631591797,470.431915283203
158.378631591797,470.431915283203
160.515106201172,344.926422119141
161.380279541016,456.8994140625
162.843673706055,309.986938476562
165.501098632812,423.966674804688
167.057174682617,304.172760009766
167.057174682617,304.172760009766
169.776809692383,400.118011474609
171.442230224609,82.1938171386719
173.630615234375,52.5801239013672
173.409408569336,72.3809585571289
175.857482910156,375.264953613281
176.833450317383,41.8449668884277
177.281631469727,394.218566894531
177.281631469727,394.218566894531
177.908554077148,510.070648193359
180.294448852539,94.2881011962891
181.280899047852,201.21484375
181.220062255859,303.500305175781
184.895248413086,90.2433700561523
186.297836303711,70.9169616699219
185.898025512695,332.192810058594
185.812194824219,421.875701904297
194.356231689453,418.631927490234
195.27783203125,242.873199462891
197.095077514648,193.908721923828
197.693115234375,302.201019287109
199.257965087891,86.401725769043
199.593109130859,97.4636993408203
200.519668579102,308.858062744141
203.040710449219,203.658126831055
207.066360473633,286.898071289062
207.45817565918,181.932342529297
207.45817565918,181.932342529297
209.046966552734,397.244354248047
209.046966552734,397.244354248047
210.045761108398,457.215179443359
212.599716186523,131.49821472168
213.398330688477,122.267967224121
212.769638061523,159.473648071289
213.924591064453,81.1342086791992
216.086822509766,177.223007202148
216.086822509766,177.223007202148
215.924728393555,239.857284545898
217.065246582031,256.053131103516
217.861770629883,92.332633972168
218.552932739258,360.941192626953
220.271072387695,306.363372802734
220.004959106445,341.954895019531
222.835845947266,208.017059326172
224.329406738281,355.468505859375
224.329406738281,355.468505859375
224.823516845703,95.0867538452148
225.150238037109,452.238952636719
227.551528930664,476.95849609375
228.832458496094,196.007736206055
230.842330932617,287.726989746094
232.199752807617,180.314865112305
231.759323120117,472.972412109375
233.199203491211,272.915252685547
234.493576049805,143.420196533203
234.493576049805,143.420196533203
234.354415893555,479.239990234375
235.549057006836,262.458038330078
236.391784667969,430.174102783203
241.359848022461,66.450325012207
240.85676574707,165.922592163086
240.822708129883,245.491790771484
241.219802856445,500.744171142578
242.078994750977,194.335357666016
242.919357299805,5.2798285484314
242.993865966797,112.783164978027
243.228302001953,187.988021850586
243.228302001953,187.988021850586
243.157089233398,495.68505859375
243.976211547852,324.889190673828
244.105163574219,370.779449462891
245.655746459961,150.69921875
247.291641235352,240.900421142578
248.036682128906,217.928756713867
249.690933227539,157.68830871582
249.690933227539,157.68830871582
250.661560058594,97.0815277099609
252.262512207031,182.602920532227
253.375885009766,215.967559814453
254.23908996582,224.811431884766
254.118499755859,255.400451660156
255.239379882812,159.721755981445
254.977615356445,476.137054443359
258.414093017578,40.6416397094727
258.414093017578,40.6416397094727
258.993621826172,490.991516113281
258.993621826172,490.991516113281
259.929840087891,222.937728881836
262.032379150391,97.8266830444336
262.73876953125,425.285949707031
264.944641113281,21.8561916351318
266.509490966797,179.558044433594
267.043487548828,191.403182983398
267.984771728516,7.69259357452393
268.759613037109,426.814208984375
270.654724121094,50.7516937255859
269.968536376953,375.605072021484
271.299560546875,73.2971420288086
271.299560546875,73.2971420288086
272.267211914062,268.239379882812
272.267211914062,268.239379882812
273.983245849609,39.1098251342773
274.056365966797,417.467376708984
276.009735107422,104.389381408691
276.534545898438,213.878448486328
275.862274169922,303.074279785156
275.862274169922,303.074279785156
277.66845703125,149.745162963867
277.66845703125,149.745162963867
279.065582275391,472.066528320312
280.290344238281,82.1387710571289
279.984191894531,385.123291015625
279.984191894531,385.123291015625
282.533203125,487.175628662109
282.533203125,487.175628662109
284.791870117188,194.381988525391
285.592224121094,317.128753662109
290.413177490234,240.851181030273
290.321533203125,354.044555664062
290.373077392578,457.410522460938
290.812103271484,445.082458496094
291.829345703125,414.054412841797
292.773986816406,214.587600708008
292.832672119141,274.900695800781
295.499359130859,80.3701248168945
294.262908935547,143.242309570312
295.887115478516,292.654052734375
297.086700439453,161.342025756836
296.507202148438,176.540176391602
296.830780029297,477.071411132812
297.94775390625,278.314422607422
297.731109619141,283.619476318359
298.506256103516,272.512420654297
299.110260009766,387.43359375
301.256958007812,169.068069458008
300.819213867188,472.553863525391
302.272216796875,77.2929306030273
302.739624023438,69.6001739501953
303.052612304688,138.212249755859
303.877014160156,192.202621459961
303.813507080078,336.426361083984
306.90380859375,306.055206298828
307.957214355469,119.756278991699
308.485748291016,195.860061645508
308.597961425781,278.970062255859
310.269348144531,432.150360107422
310.9453125,209.654159545898
310.950286865234,339.961517333984
310.920867919922,509.577606201172
312.512298583984,129.453201293945
314.640258789062,198.517059326172
317.189666748047,246.134399414062
317.189666748047,246.134399414062
318.458831787109,301.443298339844
319.328155517578,109.756553649902
320.972564697266,373.953491210938
320.972564697266,373.953491210938
322.437530517578,419.791107177734
322.830322265625,207.401351928711
322.830322265625,207.401351928711
325.282562255859,246.145202636719
325.464782714844,215.729141235352
326.997192382812,122.296051025391
327.253845214844,264.624572753906
326.711242675781,488.638153076172
328.838104248047,137.717514038086
330.381011962891,392.565460205078
334.241333007812,396.897155761719
333.875,489.751068115234
334.800170898438,28.5772914886475
336.244598388672,326.168975830078
336.287200927734,509.734649658203
337.180145263672,319.892547607422
336.737213134766,453.099395751953
339.634765625,186.846313476562
340.008209228516,85.9341735839844
341.482299804688,402.831909179688
342.763549804688,392.825012207031
343.948699951172,68.1560592651367
343.948699951172,68.1560592651367
344.958801269531,323.303192138672
345.917053222656,200.14582824707
346.166198730469,317.754089355469
350.234313964844,73.5296249389648
349.972381591797,426.940887451172
349.582183837891,434.668151855469
354.925842285156,64.3795928955078
355.982055664062,203.602966308594
356.549224853516,302.619842529297
357.174194335938,322.512023925781
357.070281982422,445.021331787109
358.116241455078,14.0067310333252
358.045867919922,39.1654014587402
358.045867919922,39.1654014587402
357.595458984375,313.298553466797
358.804138183594,296.849334716797
359.207946777344,334.51806640625
360.303588867188,383.227813720703
359.508911132812,486.391448974609
361.571838378906,425.542327880859
363.537750244141,125.040435791016
363.832733154297,321.203002929688
364.673919677734,299.471557617188
364.421325683594,486.989593505859
368.345062255859,86.714241027832
368.736724853516,270.287109375
369.749359130859,216.91764831543
370.479522705078,299.516662597656
372.136169433594,171.691207885742
372.136169433594,171.691207885742
373.4228515625,59.7144584655762
372.551361083984,157.032272338867
372.551361083984,157.032272338867
372.692016601562,439.934387207031
372.692016601562,439.934387207031
372.692016601562,439.934387207031
376.448852539062,223.446502685547
376.448852539062,223.446502685547
377.3896484375,63.580680847168
376.520141601562,165.690536499023
377.27392578125,230.808624267578
379.352935791016,260.030609130859
379.160034179688,508.113342285156
381.093688964844,235.404510498047
380.622619628906,267.888671875
381.469390869141,344.090301513672
381.872100830078,499.758270263672
386.441162109375,196.114532470703
387.225677490234,50.223274230957
387.110565185547,57.3226928710938
387.049987792969,207.040771484375
388.331695556641,87.8141708374023
389.968200683594,350.768707275391
392.081634521484,53.4553413391113
392.081634521484,53.4553413391113
392.143768310547,209.870300292969
393.433502197266,201.31901550293
393.433502197266,201.31901550293
392.587615966797,397.812652587891
392.855438232422,482.498657226562
392.855438232422,482.498657226562
395.239990234375,89.8593368530273
395.980438232422,135.51643371582
395.417877197266,145.166198730469
395.470336914062,297.490142822266
397.361450195312,117.944412231445
398.701751708984,193.15803527832
400.572845458984,360.297607421875
401.884643554688,298.131530761719
401.884643554688,298.131530761719
402.049713134766,324.613739013672
405.310363769531,26.4495048522949
405.807006835938,112.865768432617
405.807006835938,112.865768432617
405.688049316406,170.335159301758
405.973846435547,220.583099365234
406.049041748047,261.341156005859
406.049041748047,261.341156005859
407.747039794922,164.100860595703
408.960998535156,44.4161071777344
409.221984863281,420.146911621094
408.754272460938,456.724365234375
410.444000244141,208.023590087891
409.602416992188,508.7646484375
411.198577880859,362.664031982422
411.978149414062,425.004272460938
416.154541015625,379.727783203125
416.954864501953,139.97785949707
416.954864501953,139.97785949707
416.741973876953,302.462005615234
417.833801269531,123.669120788574
418.863647460938,401.297058105469
420.966094970703,134.939117431641
420.966094970703,134.939117431641
421.347229003906,380.766845703125
422.548675537109,232.551330566406
421.570251464844,317.481292724609
423.225067138672,26.0497608184814
425.816528320312,461.928985595703
427.314086914062,203.590744018555
427.314086914062,203.590744018555
427.393676757812,219.409805297852
427.191558837891,298.977355957031
426.838592529297,435.728607177734
428.803863525391,318.137786865234
428.416656494141,499.771545410156
430.334411621094,40.8556976318359
429.941802978516,293.271850585938
429.941802978516,293.271850585938
429.425170898438,323.256805419922
431.238922119141,199.294860839844
430.636077880859,312.576049804688
430.636077880859,312.576049804688
431.976379394531,180.047271728516
432.170257568359,274.734619140625
432.751037597656,63.6194267272949
432.946746826172,221.007568359375
433.053527832031,352.097961425781
432.61328125,466.149688720703
434.39794921875,301.494415283203
435.877746582031,36.472053527832
441.843963623047,316.828308105469
441.886627197266,418.175109863281
446.850799560547,275.905517578125
447.630920410156,108.174743652344
449.488494873047,330.968170166016
449.488494873047,330.968170166016
450.277221679688,146.938980102539
450.277221679688,146.938980102539
451.671478271484,320.786102294922
451.671478271484,320.786102294922
451.177551269531,387.799407958984
452.860565185547,128.25
453.077301025391,305.936950683594
453.077301025391,305.936950683594
453.700561523438,85.2927551269531
454.541473388672,422.420593261719
454.512786865234,296.481201171875
458.092254638672,347.883758544922
459.466369628906,311.270599365234
458.866546630859,418.848785400391
459.950073242188,74.2932205200195
459.713714599609,218.47998046875
463.115142822266,92.2573547363281
463.115142822266,92.2573547363281
462.292663574219,136.699569702148
461.553344726562,337.626525878906
461.553344726562,337.626525878906
462.464630126953,430.333160400391
468.699279785156,101.591728210449
470.066802978516,225.490798950195
473.580474853516,247.874938964844
474.555816650391,31.0596199035645
479.171661376953,249.759460449219
480.36181640625,130.10368347168
480.36181640625,130.10368347168
480.552368164062,291.108032226562
480.552368164062,291.108032226562
481.22021484375,397.968109130859
483.093048095703,174.185684204102
484.881225585938,253.945693969727
485.900573730469,105.800415039062
488.846038818359,451.479370117188
488.846038818359,451.479370117188
489.902893066406,259.615142822266
490.283203125,461.212310791016
490.799713134766,64.7541427612305
490.70556640625,203.822402954102
490.70556640625,203.822402954102
490.79443359375,407.120758056641
492.431701660156,436.965698242188
493.849060058594,278.6748046875
496.094329833984,7.23630666732788
496.496429443359,163.038101196289
495.717376708984,459.779754638672
496.651824951172,339.882751464844
498.710998535156,442.837921142578
500.998687744141,282.028594970703
503.429992675781,151.520278930664
502.693450927734,496.743408203125
504.208465576172,40.575798034668
503.970001220703,217.306106567383
506.590057373047,346.623504638672
508.411743164062,269.7470703125
509.181243896484,370.259765625
510.565032958984,476.412414550781
511.742858886719,344.298034667969
511.84521484375,417.071960449219
512.666870117188,229.860336303711
513.7138671875,5.99383974075317
513.600952148438,87.0299530029297
513.600952148438,87.0299530029297
514.189331054688,510.236907958984
516.712341308594,34.384937286377
517.347534179688,129.098175048828
518.7470703125,370.548919677734
519.262756347656,376.505218505859
520.221435546875,141.774612426758
521.625427246094,153.115921020508
522.220947265625,96.1933135986328
522.230041503906,116.043228149414
522.784362792969,237.508712768555
524.112121582031,218.46125793457
524.387756347656,484.056518554688
525.546203613281,315.498901367188
524.546997070312,411.804931640625
524.553894042969,489.073394775391
526.307373046875,113.938484191895
525.898559570312,195.425552368164
526.299194335938,416.959045410156
528.158142089844,294.078491210938
528.842956542969,300.002319335938
529.461181640625,306.210357666016
532.475280761719,114.066139221191
532.027038574219,151.030914306641
532.027038574219,151.030914306641
532.048706054688,373.567932128906
531.958557128906,514.089782714844
536.125915527344,395.134521484375
537.524658203125,470.291137695312
537.524658203125,470.291137695312
538.058776855469,271.875274658203
540.270202636719,318.130920410156
541.145935058594,422.164978027344
542.68505859375,290.013397216797
542.942749023438,467.767059326172
544.083862304688,155.182632446289
548.443603515625,4.59147691726685
549.69287109375,437.354248046875
548.213073730469,451.399353027344
549.648254394531,512.393676757812
549.9375,20.9881858825684
551.934204101562,75.125846862793
551.934204101562,75.125846862793
551.892456054688,98.4327011108398
553.882141113281,260.455078125
555.223327636719,313.762786865234
554.956787109375,473.902587890625
6.83264493942261,184.12663269043
6.83264493942261,184.12663269043
6.9380087852478,334.885437011719
12.0682907104492,211.488540649414
12.7887620925903,163.115173339844
16.0257186889648,496.134796142578
16.0257186889648,496.134796142578
17.315616607666,66.9537506103516
17.5435276031494,174.186630249023
20.1771907806396,445.993896484375
22.5684661865234,125.919662475586
22.5684661865234,125.919662475586
23.500904083252,461.872497558594
25.4215145111084,253.172561645508
25.4215145111084,253.172561645508
25.603551864624,217.96012878418
34.7715873718262,407.025482177734
35.3065910339355,451.684661865234
36.127197265625,80.5651016235352
36.127197265625,80.5651016235352
38.4625015258789,276.178802490234
38.1155891418457,353.210632324219
39.927619934082,51.5636024475098
41.0827713012695,456.475799560547
45.8246536254883,180.562744140625
45.8246536254883,180.562744140625
47.8127479553223,269.930755615234
47.8127479553223,269.930755615234
52.3220443725586,403.629241943359
52.8513526916504,447.592895507812
53.4775924682617,4.49953651428223
53.4775924682617,4.49953651428223
53.5200271606445,275.306457519531
53.5200271606445,275.306457519531
57.4111976623535,282.281280517578
58.8244476318359,177.398529052734
60.0484962463379,158.35319519043
60.3598251342773,296.853485107422
62.1846046447754,243.963623046875
61.9683113098145,252.771514892578
64.2021636962891,134.761199951172
64.0613250732422,437.803863525391
63.4737091064453,445.408538818359
65.7990875244141,172.510101318359
67.5918121337891,31.0468559265137
66.2599639892578,53.2194633483887
68.5492401123047,466.980163574219
71.1943588256836,225.236022949219
72.8376235961914,379.351440429688
76.5051040649414,430.266571044922
80.1656036376953,264.433258056641
80.9435119628906,110.791748046875
81.1694488525391,212.837951660156
80.8212127685547,304.829925537109
81.1446151733398,382.988342285156
83.0426025390625,187.23991394043
86.7561264038086,493.709747314453
86.7561264038086,493.709747314453
88.6817779541016,196.227386474609
90.1488647460938,222.084945678711
91.2498474121094,31.6220951080322
93.6660919189453,435.708984375
96.2480697631836,289.970306396484
96.2480697631836,289.970306396484
96.9911346435547,185.592758178711
96.9911346435547,185.592758178711
97.1342086791992,358.324066162109
97.1342086791992,358.324066162109
97.8432540893555,5.43360233306885
97.8432540893555,5.43360233306885
98.7307510375977,314.198638916016
99.4539337158203,488.097381591797
100.991683959961,33.2579193115234
100.991683959961,33.2579193115234
101.398315429688,140.363647460938
100.628204345703,179.082412719727
103.433944702148,63.9454002380371
103.433944702148,63.9454002380371
102.664543151855,514.559387207031
105.957336425781,477.978393554688
110.572380065918,467.543701171875
113.798881530762,457.659729003906
114.857437133789,315.476318359375
114.823127746582,474.414581298828
117.017456054688,267.670227050781
117.017456054688,267.670227050781
119.29940032959,176.025650024414
119.186798095703,424.600982666016
120.261642456055,337.400573730469
120.64818572998,405.019866943359
123.044258117676,26.6994647979736
123.044258117676,26.6994647979736
125.09432220459,71.5908050537109
126.327415466309,443.940948486328
127.587600708008,402.362152099609
129.179885864258,104.053970336914
129.179885864258,104.053970336914
130.848770141602,148.790023803711
130.181488037109,141.070358276367
132.233703613281,125.55598449707
132.439666748047,162.614654541016
132.439666748047,162.614654541016
132.906433105469,156.285873413086
140.331726074219,160.119766235352
139.32307434082,364.580657958984
143.003814697266,52.8475112915039
143.003814697266,52.8475112915039
143.246520996094,200.948791503906
143.366897583008,106.420166015625
143.366897583008,106.420166015625
144.435272216797,446.341278076172
146.070938110352,84.0939178466797
146.134582519531,503.557800292969
147.564895629883,101.113693237305
148.190994262695,211.960968017578
149.763793945312,455.465362548828
150.611877441406,6.56480121612549
153.959106445312,72.8157577514648
153.283096313477,123.107940673828
158.033050537109,383.258880615234
160.198379516602,51.9133071899414
161.794418334961,316.881683349609
161.375686645508,396.050689697266
167.029479980469,31.6805286407471
167.029479980469,31.6805286407471
168.5400390625,375.447479248047
171.179397583008,438.608703613281
172.786361694336,61.062370300293
174.310958862305,404.718170166016
177.087615966797,207.048629760742
176.8505859375,259.732971191406
181.126739501953,410.757598876953
181.126739501953,410.757598876953
182.846862792969,62.3610649108887
185.616973876953,249.389083862305
190.256912231445,511.294891357422
191.666152954102,90.6980056762695
191.666152954102,90.6980056762695
192.691940307617,454.988830566406
200.238357543945,85.3284454345703
202.442321777344,515.0556640625
209.872909545898,498.611114501953
212.732345581055,466.520477294922
212.599365234375,512.588806152344
212.599365234375,512.588806152344
216.583831787109,421.396575927734
218.4873046875,24.8960704803467
227.546417236328,8.24714279174805
227.249786376953,172.102890014648
227.387222290039,214.907318115234
229.306640625,399.088989257812
230.641876220703,17.831335067749
233.09326171875,29.190393447876
234.40869140625,113.17943572998
234.078643798828,198.662368774414
238.272827148438,466.704071044922
241.985198974609,129.418441772461
241.985198974609,129.418441772461
241.936370849609,316.670043945312
247.166778564453,312.820770263672
250.280715942383,330.363037109375
251.420837402344,44.2255172729492
251.420837402344,44.2255172729492
251.829162597656,406.035919189453
251.856887817383,431.629699707031
255.979263305664,131.757797241211
257.546051025391,80.7230911254883
258.854705810547,19.7848052978516
258.694213867188,229.967697143555
259.283996582031,236.867050170898
260.185821533203,335.170074462891
260.164916992188,350.391540527344
260.635101318359,46.9490776062012
260.635101318359,46.9490776062012
261.250732421875,242.92301940918
260.406555175781,431.53466796875
264.090606689453,308.548126220703
266.666595458984,345.667327880859
267.655731201172,82.5746765136719
267.608551025391,352.517883300781
267.608551025391,352.517883300781
270.141723632812,13.8938484191895
271.120971679688,203.221862792969
270.605895996094,509.417510986328
271.189666748047,100.42472076416
271.851379394531,152.353546142578
276.729827880859,132.974731445312
276.729827880859,132.974731445312
279.500244140625,183.093185424805
279.541015625,220.752182006836
281.178985595703,97.6404113769531
280.940277099609,309.640502929688
285.224090576172,58.8116264343262
285.776824951172,380.341400146484
286.135375976562,468.005920410156
289.571929931641,30.8310203552246
292.110870361328,55.4341354370117
291.266998291016,370.079742431641
293.389038085938,97.9776840209961
293.930603027344,424.911529541016
297.731384277344,212.138381958008
294.568298339844,470.832885742188
299.345092773438,34.4716682434082
298.662475585938,498.033172607422
302.604797363281,465.219909667969
303.504211425781,455.697509765625
303.504211425781,455.697509765625
307.779968261719,503.761627197266
310.352935791016,325.435211181641
312.515899658203,18.5731906890869
311.897369384766,38.5640106201172
311.665130615234,243.216949462891
313.871643066406,25.5067691802979
312.977569580078,344.828918457031
323.434783935547,481.900573730469
326.161987304688,19.76735496521
325.762908935547,240.354675292969
325.762908935547,240.354675292969
330.114776611328,209.469207763672
330.655792236328,451.944641113281
331.507049560547,276.954223632812
331.507049560547,276.954223632812
333.195465087891,363.67333984375
337.459228515625,292.793121337891
338.591003417969,300.152618408203
338.338684082031,274.579132080078
338.338684082031,274.579132080078
339.686889648438,496.588104248047
339.686889648438,496.588104248047
343.498565673828,114.367767333984
344.461547851562,83.0257797241211
349.003936767578,455.256378173828
349.995880126953,305.398162841797
350.377777099609,409.305023193359
350.377777099609,409.305023193359
356.947998046875,353.756011962891
359.758758544922,13.4611673355103
360.938049316406,396.721343994141
361.814666748047,405.23486328125
363.859466552734,119.028366088867
363.795074462891,500.7333984375
364.485168457031,110.996948242188
365.093536376953,188.92431640625
369.916015625,322.953186035156
369.916015625,322.953186035156
370.178466796875,406.078521728516
370.178466796875,406.078521728516
370.178466796875,406.078521728516
369.713684082031,459.84765625
372.187133789062,38.0234642028809
373.668518066406,283.4453125
374.963287353516,180.09733581543
375.952697753906,70.6191940307617
375.842071533203,378.430389404297
375.842071533203,378.430389404297
376.258544921875,481.482269287109
376.964447021484,303.070404052734
376.964447021484,303.070404052734
376.964447021484,303.070404052734
378.193756103516,9.64785099029541
377.874328613281,310.955444335938
378.676940917969,290.589874267578
379.605712890625,447.580291748047
379.605712890625,447.580291748047
379.854400634766,38.8026962280273
379.854400634766,38.8026962280273
379.8798828125,157.207748413086
380.358154296875,173.66081237793
380.358154296875,173.66081237793
384.702545166016,179.263824462891
384.6767578125,483.279571533203
386.434814453125,95.1588745117188
387.019958496094,376.497863769531
390.361541748047,407.637359619141
390.361541748047,407.637359619141
397.090637207031,271.985046386719
398.23779296875,187.101852416992
398.23779296875,187.101852416992
399.047210693359,279.821319580078
400.106475830078,29.6355171203613
399.741119384766,110.945098876953
399.741119384766,110.945098876953
400.874206542969,484.482391357422
406.463897705078,434.746215820312
406.463897705078,434.746215820312
421.152923583984,185.582366943359
422.092956542969,502.089752197266
424.816864013672,143.442962646484
425.400360107422,50.9269676208496
427.968475341797,470.83740234375
428.777496337891,360.864807128906
429.111480712891,487.719940185547
431.627014160156,143.811248779297
434.222137451172,159.06315612793
437.032318115234,375.514526367188
438.36669921875,412.793884277344
439.262634277344,51.0218505859375
441.182647705078,121.60799407959
441.182647705078,121.60799407959
444.119445800781,254.669555664062
443.887786865234,381.654144287109
446.292327880859,102.135047912598
446.292327880859,102.135047912598
447.960510253906,234.405227661133
447.960510253906,234.405227661133
451.382232666016,409.082092285156
454.955413818359,475.937835693359
456.798767089844,195.27392578125
456.744720458984,234.01123046875
458.929382324219,436.357177734375
459.459533691406,303.667846679688
462.897918701172,208.393295288086
465.230834960938,343.675018310547
465.443939208984,69.3810729980469
465.443939208984,69.3810729980469
467.255279541016,339.888122558594
468.741668701172,115.172103881836
469.006896972656,432.530426025391
469.732208251953,285.932678222656
470.858032226562,45.7062644958496
473.482543945312,247.630752563477
475.354370117188,279.514953613281
475.354370117188,279.514953613281
483.268646240234,285.66357421875
484.630767822266,403.235076904297
484.630767822266,403.235076904297
487.651733398438,58.2229385375977
490.752380371094,371.185913085938
493.083892822266,222.86750793457
492.968841552734,397.946166992188
495.863494873047,82.9192199707031
496.307861328125,233.975433349609
496.178253173828,413.311767578125
501.245666503906,169.415008544922
501.411163330078,395.090393066406
501.411163330078,395.090393066406
501.979919433594,258.866790771484
501.979919433594,258.866790771484
502.091766357422,386.777313232422
502.091766357422,386.777313232422
502.091766357422,386.777313232422
512.019775390625,502.882507324219
512.658447265625,178.663116455078
512.658447265625,178.663116455078
513.429565429688,427.597351074219
513.89111328125,211.989593505859
514.107360839844,291.416748046875
518.598693847656,170.829330444336
518.598693847656,170.829330444336
518.757568359375,243.408111572266
519.369567871094,398.781311035156
520.195068359375,9.72531509399414
524.791442871094,21.1870059967041
525.604919433594,44.2260932922363
527.621215820312,234.154037475586
531.2177734375,102.45435333252
531.764587402344,40.2119522094727
534.425720214844,18.5034961700439
533.272338867188,487.321563720703
539.0361328125,39.3225212097168
539.543334960938,445.021667480469
540.684509277344,232.775863647461
541.255432128906,290.988403320312
541.336975097656,324.952209472656
541.847045898438,430.381439208984
542.399597167969,461.153991699219
542.540161132812,139.431991577148
544.247924804688,295.957122802734
545.8466796875,188.318618774414
545.779602050781,283.96337890625
546.820434570312,116.542098999023
546.028259277344,264.273559570312
548.667358398438,315.153900146484
548.667358398438,315.153900146484
551.975280761719,254.315307617188
551.975280761719,254.315307617188
553.97607421875,432.608703613281
556.113464355469,177.056442260742
556.464477539062,422.073883056641
556.679382324219,440.503601074219
9.49316692352295,385.876342773438
10.2285823822021,135.068481445312
10.9055528640747,273.648468017578
15.3511571884155,351.771118164062
17.2848262786865,287.088012695312
21.2639217376709,189.282516479492
23.2791423797607,410.238403320312
23.2791423797607,410.238403320312
25.1374816894531,401.159362792969
25.7704124450684,78.079704284668
28.7953147888184,171.117080688477
28.5201969146729,433.35107421875
30.0429401397705,13.8287754058838
32.7672958374023,296.721801757812
35.7802925109863,81.427116394043
35.7802925109863,81.427116394043
39.1332626342773,267.214111328125
42.0959663391113,437.762390136719
42.7838706970215,297.104858398438
42.7838706970215,297.104858398438
48.5567741394043,189.424835205078
48.5567741394043,189.424835205078
56.0138702392578,290.033874511719
56.0138702392578,290.033874511719
61.213939666748,486.402008056641
66.0783843994141,163.287200927734
65.7262725830078,342.1376953125
67.6320571899414,21.33323097229
68.0968627929688,53.1699752807617
69.4060287475586,76.4953765869141
69.4060287475586,76.4953765869141
71.4575119018555,245.740997314453
71.4575119018555,245.740997314453
78.4257659912109,97.0950469970703
78.5220260620117,174.22526550293
78.5220260620117,174.22526550293
79.692497253418,360.253784179688
91.1697769165039,282.222137451172
93.5955276489258,127.152755737305
96.9160537719727,416.610778808594
96.9160537719727,416.610778808594
98.1587142944336,447.696533203125
98.1587142944336,447.696533203125
98.28857421875,489.473937988281
98.28857421875,489.473937988281
98.325309753418,507.611358642578
99.8363342285156,1.991126537323
104.730812072754,80.5658111572266
108.386863708496,489.779571533203
109.511184692383,272.721374511719
109.004684448242,394.964019775391
111.155853271484,73.8801193237305
110.761688232422,32.269401550293
110.891761779785,142.112396240234
112.568084716797,64.4610900878906
115.039199829102,149.115585327148
116.819221496582,381.354278564453
120.514526367188,167.13606262207
123.134666442871,61.2646408081055
123.063865661621,257.574188232422
130.738189697266,21.8379516601562
135.229156494141,15.1963005065918
135.796447753906,297.254486083984
140.317657470703,392.907836914062
140.317657470703,392.907836914062
146.54475402832,430.866607666016
148.179733276367,466.659759521484
149.121475219727,325.816680908203
152.962707519531,123.83935546875
153.159515380859,253.338119506836
154.876678466797,215.05598449707
158.836456298828,324.508575439453
159.220184326172,487.628234863281
161.01203918457,374.942626953125
168.396102905273,120.255249023438
176.569717407227,221.934906005859
178.26921081543,468.779113769531
179.651412963867,31.1176776885986
179.651412963867,31.1176776885986
182.351028442383,187.586273193359
183.890975952148,449.844482421875
193.344512939453,101.831153869629
194.121704101562,40.9098587036133
193.543426513672,80.1634674072266
194.018737792969,228.048385620117
193.822555541992,425.458465576172
193.822555541992,425.458465576172
198.21516418457,462.987579345703
205.273010253906,136.348281860352
205.273010253906,136.348281860352
215.488998413086,68.1185073852539
215.488998413086,68.1185073852539
215.821990966797,322.551727294922
216.5869140625,374.489135742188
217.024337768555,402.288665771484
218.450607299805,34.0943870544434
219.852279663086,245.713928222656
219.852279663086,245.713928222656
220.501831054688,490.580718994141
223.760452270508,394.144683837891
234.230316162109,319.752563476562
234.329772949219,493.586761474609
234.329772949219,493.586761474609
234.822128295898,254.452835083008
234.692474365234,386.720916748047
236.828887939453,233.466888427734
237.990158081055,74.9589004516602
237.421829223633,173.271759033203
239.635925292969,196.49543762207
241.962600708008,334.771789550781
241.962600708008,334.771789550781
243.355697631836,137.582427978516
243.017272949219,392.019653320312
250.100814819336,20.510066986084
254.359603881836,73.0287475585938
256.528442382812,209.195739746094
265.009613037109,299.748168945312
271.502838134766,326.924102783203
271.869567871094,434.697875976562
277.194976806641,372.952301025391
276.492279052734,343.678497314453
280.321746826172,429.577239990234
286.847808837891,102.87735748291
286.847808837891,102.87735748291
289.065704345703,498.633758544922
292.757202148438,10.3421192169189
292.757202148438,10.3421192169189
293.33837890625,89.8357696533203
302.215240478516,93.6559448242188
303.739074707031,365.607177734375
304.393737792969,15.5179119110107
304.393737792969,15.5179119110107
305.908782958984,294.293884277344
308.277191162109,112.003158569336
308.935485839844,232.839538574219
309.012054443359,353.596893310547
311.766510009766,39.2153091430664
312.926574707031,368.907379150391
312.926574707031,368.907379150391
315.295501708984,438.395751953125
317.293792724609,237.907989501953
320.995849609375,91.6389694213867
321.654663085938,146.794509887695
322.380584716797,184.973999023438
322.380584716797,184.973999023438
321.699584960938,324.553283691406
323.525909423828,100.320610046387
323.525909423828,100.320610046387
323.046569824219,193.710662841797
323.046569824219,193.710662841797
329.446441650391,348.536010742188
336.087005615234,282.833923339844
336.765563964844,356.8203125
337.521514892578,384.981262207031
337.521514892578,384.981262207031
339.043243408203,12.4671726226807
339.043243408203,12.4671726226807
340.383941650391,510.004699707031
340.383941650391,510.004699707031
341.572174072266,439.835235595703
347.112945556641,91.0976638793945
356.117401123047,503.933807373047
356.482055664062,364.190460205078
358.219390869141,374.374237060547
358.219390869141,374.374237060547
368.938415527344,375.651916503906
367.827026367188,470.718536376953
369.726989746094,8.42470169067383
369.543487548828,395.847686767578
369.543487548828,395.847686767578
371.698120117188,319.036041259766
371.698120117188,319.036041259766
382.347717285156,190.065063476562
383.106323242188,426.917175292969
383.106323242188,426.917175292969
388.001068115234,420.819030761719
393.609313964844,466.556213378906
400.170074462891,440.938934326172
403.527191162109,212.038818359375
405.172332763672,251.367492675781
411.490478515625,256.836059570312
411.490478515625,256.836059570312
410.739868164062,446.580932617188
410.739868164062,446.580932617188
413.048950195312,154.709869384766
413.048950195312,154.709869384766
413.910736083984,497.182586669922
415.259368896484,299.863677978516
419.935150146484,204.984603881836
421.705810546875,132.347625732422
422.94921875,377.516754150391
423.740295410156,166.470443725586
424.603515625,142.588027954102
430.210357666016,265.913726806641
431.732879638672,213.271865844727
434.492736816406,437.833038330078
434.996032714844,477.321411132812
442.496520996094,202.013229370117
452.400634765625,202.31803894043
453.244018554688,45.687801361084
452.727325439453,467.3759765625
461.418731689453,126.849609375
461.418731689453,126.849609375
462.604461669922,159.93229675293
463.834350585938,455.318908691406
465.271911621094,332.208343505859
465.271911621094,332.208343505859
464.993835449219,507.024261474609
464.993835449219,507.024261474609
469.147094726562,105.540496826172
474.754211425781,68.7763442993164
477.481994628906,421.903961181641
477.481994628906,421.903961181641
480.008544921875,41.7146797180176
479.755859375,471.055419921875
481.8623046875,241.534805297852
481.627838134766,481.706878662109
481.627838134766,481.706878662109
484.4580078125,219.814453125
484.183654785156,350.683776855469
488.221221923828,325.343322753906
492.404754638672,373.729095458984
492.612030029297,29.6650257110596
498.364593505859,331.649688720703
503.399841308594,4.88182687759399
505.560852050781,209.950119018555
505.741760253906,427.955871582031
506.089599609375,22.4661312103271
506.506011962891,336.948394775391
507.871154785156,250.229446411133
507.016998291016,441.510375976562
513.285583496094,215.197219848633
514.011108398438,154.094161987305
514.161010742188,362.139007568359
516.659301757812,188.897521972656
522.317260742188,210.720901489258
525.596618652344,43.9506034851074
532.106750488281,353.180755615234
533.601806640625,476.283599853516
534.449462890625,310.491149902344
534.630615234375,88.6559066772461
534.630615234375,88.6559066772461
535.420776367188,517.435607910156
535.160766601562,18.3274307250977
536.303955078125,256.968963623047
540.317749023438,55.8609771728516
539.494812011719,300.51171875
542.892456054688,387.195922851562
548.027587890625,180.188171386719
548.795349121094,286.144897460938
550.580993652344,83.6031188964844
552.046630859375,166.135177612305
554.804016113281,123.680305480957
553.727661132812,210.957733154297
554.900939941406,450.797882080078
556.226501464844,109.423034667969
556.226501464844,109.423034667969
4.48208522796631,370.423767089844
4.83411884307861,472.641418457031
19.6304206848145,124.74919128418
21.9071426391602,164.069915771484
21.3657627105713,210.069229125977
24.0863571166992,223.689849853516
24.0863571166992,223.689849853516
23.098611831665,278.403656005859
29.4887218475342,432.526885986328
35.4219627380371,149.925598144531
35.4219627380371,149.925598144531
35.2290115356445,239.907272338867
42.6360816955566,59.1384239196777
44.9483757019043,285.795684814453
44.7314834594727,372.872100830078
44.7314834594727,372.872100830078
50.0880012512207,455.755462646484
52.396556854248,424.282958984375
55.2334861755371,76.7573623657227
59.8357238769531,111.045501708984
58.8361511230469,306.277282714844
60.5464210510254,226.992782592773
68.9275131225586,370.845367431641
73.7319717407227,9.69912338256836
73.2212371826172,324.711090087891
74.6599426269531,497.720275878906
74.6664810180664,510.470245361328
78.6772232055664,161.358825683594
80.1288299560547,280.811096191406
83.1306457519531,317.744049072266
86.1670532226562,15.4169130325317
86.1670532226562,15.4169130325317
88.5940780639648,173.005630493164
89.6484527587891,375.1650390625
96.0890197753906,202.321685791016
96.1267852783203,250.85693359375
97.5782928466797,271.979095458984
96.3651123046875,473.767150878906
100.262687683105,432.248779296875
102.148239135742,145.360366821289
104.718185424805,456.82080078125
106.579460144043,219.054428100586
106.885284423828,236.386444091797
107.964599609375,260.5966796875
107.534378051758,421.961151123047
108.150688171387,489.935424804688
108.175651550293,505.423461914062
111.960716247559,74.1749649047852
120.882720947266,12.0240573883057
125.131561279297,218.610778808594
125.596466064453,344.428253173828
124.074661254883,435.301788330078
124.074661254883,435.301788330078
132.909942626953,399.940704345703
142.140350341797,381.748626708984
148.179580688477,466.652679443359
151.496276855469,102.499816894531
153.292221069336,187.099166870117
163.066833496094,95.6224594116211
162.78596496582,300.175628662109
167.635452270508,171.933212280273
171.469970703125,23.2572479248047
171.71598815918,383.796875
170.870178222656,396.039428710938
180.345291137695,438.745941162109
184.415924072266,203.422668457031
195.198211669922,140.346633911133
194.209930419922,228.028732299805
203.3388671875,249.351119995117
208.62858581543,195.858993530273
206.535110473633,402.07470703125
213.165145874023,204.968963623047
215.310531616211,110.963981628418
215.310531616211,110.963981628418
214.603408813477,323.633392333984
224.235610961914,261.404327392578
224.235610961914,261.404327392578
226.17951965332,303.146575927734
228.908233642578,77.5909042358398
228.908233642578,77.5909042358398
234.952407836914,254.786544799805
234.952407836914,254.786544799805
239.370620727539,196.663146972656
241.337020874023,37.1544609069824
241.337020874023,37.1544609069824
243.715087890625,148.533157348633
242.092300415039,481.045349121094
243.328918457031,14.2266454696655
245.219787597656,56.5571441650391
245.509033203125,461.156890869141
249.609161376953,175.094985961914
250.770294189453,428.364166259766
254.177368164062,184.564834594727
256.237731933594,280.522430419922
258.553955078125,89.7754135131836
262.858276367188,504.326995849609
264.158386230469,289.394470214844
265.543151855469,459.739135742188
267.898620605469,474.094177246094
270.804565429688,227.740844726562
273.204437255859,132.699447631836
275.878356933594,108.232467651367
277.516326904297,143.31184387207
276.700866699219,266.327880859375
276.759002685547,343.785217285156
283.218109130859,364.615844726562
284.872802734375,154.768478393555
288.582427978516,209.721908569336
293.990051269531,64.5337219238281
296.858184814453,107.805839538574
296.858184814453,107.805839538574
300.250732421875,262.732177734375
304.566619873047,154.614532470703
311.942504882812,102.11124420166
311.848327636719,447.909942626953
314.412139892578,26.5719184875488
314.412139892578,26.5719184875488
317.172821044922,335.163787841797
319.605895996094,254.590286254883
323.569091796875,100.653228759766
323.569091796875,100.653228759766
327.401733398438,51.6447525024414
329.564086914062,116.10082244873
328.793670654297,501.02392578125
341.227813720703,99.9690170288086
341.676910400391,484.53271484375
345.856201171875,505.891448974609
348.937591552734,247.123489379883
350.120208740234,370.977355957031
350.120208740234,370.977355957031
351.882873535156,260.087951660156
351.882873535156,260.087951660156
350.991485595703,437.332824707031
350.991485595703,437.332824707031
361.652038574219,153.649658203125
366.836029052734,338.567718505859
369.252227783203,375.516510009766
369.252227783203,375.516510009766
378.578369140625,416.151611328125
378.578369140625,416.151611328125
380.962249755859,473.695709228516
383.452545166016,146.401092529297
383.045654296875,189.70068359375
386.034454345703,365.85400390625
386.852508544922,297.44189453125
388.956451416016,445.673980712891
391.645660400391,236.596054077148
396.583892822266,346.946350097656
399.858276367188,291.127349853516
398.351104736328,412.669799804688
401.826538085938,475.826995849609
407.007202148438,248.348983764648
411.571807861328,417.033569335938
428.857299804688,509.598724365234
430.939178466797,86.1903533935547
431.128143310547,265.405670166016
430.862060546875,287.492584228516
433.36865234375,386.847808837891
440.433166503906,94.6499938964844
444.453063964844,295.021759033203
457.780303955078,63.7979736328125
461.058410644531,366.405151367188
461.058410644531,366.405151367188
469.868377685547,412.299102783203
469.868377685547,412.299102783203
471.366851806641,167.099716186523
473.180816650391,210.710205078125
473.180816650391,210.710205078125
476.885955810547,269.607238769531
476.475067138672,338.905517578125
479.139282226562,97.0508041381836
479.472747802734,431.541351318359
479.472747802734,431.541351318359
482.460357666016,20.3777027130127
484.901306152344,217.087417602539
486.185363769531,441.969482421875
486.185363769531,441.969482421875
487.445678710938,489.831329345703
488.454467773438,47.1770362854004
488.454467773438,47.1770362854004
490.019500732422,113.865730285645
490.510711669922,129.134201049805
492.849365234375,342.015411376953
494.820251464844,266.907287597656
506.140777587891,81.4891128540039
513.153198242188,116.464668273926
515.519836425781,361.027801513672
528.156433105469,32.122859954834
528.156433105469,32.122859954834
532.704895019531,163.462371826172
533.207336425781,385.087554931641
533.531372070312,455.434295654297
540.560241699219,55.2455787658691
541.321960449219,104.757369995117
21.6727123260498,453.9658203125
23.6298046112061,376.592712402344
23.6298046112061,376.592712402344
31.3154544830322,363.678863525391
36.8760719299316,461.992279052734
47.2753715515137,169.077545166016
50.6969566345215,50.5039558410645
56.2313957214355,467.925567626953
63.6321144104004,429.111663818359
66.319953918457,353.015960693359
66.319953918457,353.015960693359
65.916618347168,275.090698242188
69.3440704345703,41.0042114257812
69.3440704345703,41.0042114257812
68.9715042114258,204.041870117188
68.2982025146484,398.468719482422
77.1142120361328,228.814926147461
86.8699035644531,191.095260620117
86.8699035644531,191.095260620117
89.9023056030273,101.952926635742
99.8027648925781,168.571868896484
99.8027648925781,168.571868896484
107.661918640137,324.626220703125
107.661918640137,324.626220703125
110.086906433105,205.062622070312
116.565078735352,481.092498779297
116.565078735352,481.092498779297
128.221801757812,355.383605957031
128.221801757812,355.383605957031
140.312164306641,18.3781089782715
140.312164306641,18.3781089782715
141.30207824707,344.991333007812
143.288391113281,118.732551574707
146.530532836914,492.884582519531
155.844299316406,146.354736328125
166.826095581055,500.137481689453
169.989700317383,352.492065429688
171.337539672852,147.495239257812
171.337539672852,147.495239257812
188.751998901367,376.383697509766
192.037017822266,257.011474609375
193.522750854492,353.273468017578
216.212265014648,140.25114440918
225.743515014648,238.255447387695
226.797149658203,362.641479492188
232.190292358398,92.5666275024414
237.97412109375,435.712768554688
242.985244750977,381.181762695312
242.985244750977,381.181762695312
253.264205932617,293.3408203125
256.880157470703,467.556121826172
256.880157470703,467.556121826172
256.880157470703,467.556121826172
259.8974609375,320.972564697266
268.057800292969,169.079650878906
274.065490722656,61.0489387512207
274.065490722656,61.0489387512207
288.263732910156,470.126831054688
302.953186035156,201.926345825195
302.953186035156,201.926345825195
302.019958496094,504.534606933594
304.99853515625,413.152770996094
304.5283203125,487.689666748047
304.5283203125,487.689666748047
309.832183837891,425.820770263672
316.372344970703,473.256652832031
316.372344970703,473.256652832031
319.173248291016,12.61585521698
317.232604980469,388.797271728516
318.583435058594,231.932846069336
319.432922363281,438.158905029297
330.353546142578,34.7318458557129
333.344177246094,233.770324707031
335.196655273438,369.238861083984
336.857452392578,156.138031005859
340.089385986328,142.96662902832
347.822509765625,153.51838684082
348.617126464844,274.635498046875
357.972351074219,58.3113555908203
367.751159667969,208.287780761719
367.751159667969,208.287780761719
369.036163330078,183.668350219727
370.711273193359,233.785293579102
370.539428710938,429.052062988281
372.930145263672,92.6848373413086
378.102020263672,330.504760742188
378.102020263672,330.504760742188
380.529815673828,59.3588409423828
381.574951171875,201.423797607422
385.163940429688,84.2390289306641
388.982299804688,319.036712646484
392.233123779297,186.393966674805
392.233123779297,186.393966674805
394.219573974609,168.030426025391
401.439147949219,427.6953125
401.439147949219,427.6953125
402.644836425781,331.236175537109
406.258850097656,356.627288818359
411.035888671875,16.5167560577393
413.649749755859,45.8466110229492
413.649749755859,45.8466110229492
415.449737548828,397.019683837891
416.875854492188,229.604431152344
421.163879394531,355.795745849609
422.360290527344,242.819091796875
422.360290527344,242.819091796875
425.030181884766,444.765686035156
433.677734375,362.755523681641
433.677734375,362.755523681641
441.163330078125,428.047241210938
441.163330078125,428.047241210938
444.912048339844,282.971801757812
443.865081787109,398.194396972656
443.865081787109,398.194396972656
447.85986328125,371.771728515625
453.641235351562,408.129516601562
464.621948242188,139.962417602539
485.543731689453,148.903671264648
495.772644042969,253.903289794922
495.772644042969,253.903289794922
500.087799072266,147.730010986328
503.111267089844,35.9426956176758
505.102386474609,509.075927734375
510.958953857422,279.802429199219
510.958953857422,279.802429199219
524.588684082031,466.115570068359
527.238708496094,283.936798095703
535.929626464844,242.578628540039
538.252624511719,398.246307373047
553.916809082031,224.902084350586
36.0699729919434,189.042282104492
37.9798812866211,464.266967773438
37.9798812866211,464.266967773438
39.1223373413086,502.169281005859
50.5625381469727,48.3277740478516
65.8118743896484,148.740417480469
84.918571472168,359.370391845703
84.8882827758789,482.842041015625
88.5155715942383,122.052375793457
92.9222259521484,235.626571655273
92.9222259521484,235.626571655273
100.800201416016,45.7138824462891
108.072929382324,281.054321289062
110.485176086426,111.416313171387
110.485176086426,111.416313171387
124.413459777832,497.234802246094
126.344245910645,45.8562965393066
127.887535095215,373.700897216797
127.887535095215,373.700897216797
127.887535095215,373.700897216797
128.656097412109,123.868980407715
128.656097412109,123.868980407715
134.753952026367,421.342803955078
144.667465209961,135.060501098633
144.667465209961,135.060501098633
152.24072265625,85.6558303833008
157.182037353516,46.9446449279785
180.690460205078,128.557312011719
189.991821289062,79.2106475830078
207.471435546875,29.9950828552246
207.471435546875,29.9950828552246
208.964080810547,257.944152832031
208.964080810547,257.944152832031
208.265548706055,425.193084716797
213.444686889648,478.766174316406
249.420272827148,421.871459960938
254.858444213867,64.900993347168
258.500885009766,32.3819122314453
263.01904296875,121.987922668457
276.003448486328,184.10319519043
276.003448486328,184.10319519043
283.185333251953,499.145965576172
287.342071533203,276.883941650391
289.2841796875,171.67951965332
289.2841796875,171.67951965332
318.919219970703,265.784606933594
318.919219970703,265.784606933594
323.10009765625,360.064544677734
324.462036132812,141.593338012695
324.005798339844,403.140747070312
327.138092041016,458.205322265625
333.309600830078,251.49267578125
335.861114501953,441.452392578125
348.239898681641,220.446517944336
348.239898681641,220.446517944336
351.857208251953,388.014007568359
356.460052490234,291.548736572266
362.432769775391,448.457611083984
366.691619873047,513.22265625
366.691619873047,513.22265625
371.631561279297,46.8495559692383
371.631561279297,46.8495559692383
371.631561279297,46.8495559692383
393.301605224609,124.621238708496
393.301605224609,124.621238708496
397.516784667969,41.8721885681152
407.204956054688,311.738372802734
407.204956054688,311.738372802734
412.386535644531,104.284591674805
410.743682861328,128.74072265625
410.743682861328,128.74072265625
410.606689453125,276.160766601562
423.583312988281,215.612747192383
433.940246582031,313.536743164062
436.905944824219,479.709167480469
441.422180175781,503.005920410156
441.422180175781,503.005920410156
441.422180175781,503.005920410156
445.561553955078,336.472106933594
462.299194335938,275.634613037109
463.761505126953,431.205139160156
463.761505126953,431.205139160156
477.315246582031,37.0294647216797
491.006561279297,170.259475708008
496.144195556641,470.938873291016
496.144195556641,470.938873291016
496.984161376953,452.648498535156
505.225952148438,103.395080566406
505.225952148438,103.395080566406
505.225952148438,103.395080566406
509.554565429688,161.102905273438
523.084533691406,93.6598587036133
531.531616210938,265.891082763672
532.499877929688,182.107925415039
539.30908203125,71.7756271362305
538.057556152344,206.787216186523
543.375549316406,417.687683105469
543.091186523438,502.485992431641
551.290832519531,336.179962158203
28.7913703918457,301.685363769531
66.8943939208984,126.751281738281
66.8943939208984,126.751281738281
75.9975891113281,58.3593940734863
80.9226837158203,164.896270751953
85.2993545532227,456.266815185547
89.1302719116211,332.823211669922
89.3440093994141,504.364440917969
92.0757522583008,427.011596679688
99.0112228393555,309.873168945312
114.215087890625,336.466186523438
116.335586547852,81.7637329101562
135.098861694336,442.080871582031
144.784515380859,292.014068603516
155.992980957031,417.581787109375
166.473159790039,284.634368896484
166.473159790039,284.634368896484
178.850769042969,37.104866027832
190.206695556641,395.384185791016
190.206695556641,395.384185791016
195.561828613281,60.4095649719238
195.561828613281,60.4095649719238
201.162460327148,174.015441894531
200.748962402344,443.625671386719
200.748962402344,443.625671386719
220.113388061523,72.8369216918945
220.113388061523,72.8369216918945
226.419906616211,41.9872398376465
224.372360229492,185.657348632812
229.996322631836,14.0819683074951
236.07048034668,459.635620117188
236.07048034668,459.635620117188
249.168045043945,30.1731109619141
249.204544067383,422.061370849609
253.358963012695,273.394165039062
253.358963012695,273.394165039062
260.177825927734,146.484954833984
261.601104736328,204.578079223633
261.601104736328,204.578079223633
259.302795410156,491.894348144531
281.124145507812,422.618957519531
286.429016113281,21.464298248291
289.864410400391,379.355163574219
297.978546142578,129.007659912109
297.978546142578,129.007659912109
295.451965332031,228.601516723633
296.273651123047,255.15202331543
308.095520019531,58.5163383483887
308.931335449219,175.584655761719
308.931335449219,175.584655761719
318.534027099609,290.342041015625
321.023406982422,494.170745849609
338.201202392578,259.222076416016
336.778228759766,475.898071289062
339.258148193359,173.380996704102
343.108673095703,341.130432128906
343.108673095703,341.130432128906
348.418334960938,239.931427001953
353.674499511719,127.409881591797
365.708984375,23.244068145752
368.450317382812,258.451477050781
371.882110595703,46.6144485473633
371.882110595703,46.6144485473633
388.536285400391,206.853988647461
388.536285400391,206.853988647461
392.124206542969,57.0726203918457
392.124206542969,57.0726203918457
400.009124755859,496.295196533203
405.390228271484,377.265991210938
414.010925292969,474.425415039062
424.016357421875,387.889434814453
448.296905517578,449.062164306641
448.296905517578,449.062164306641
459.209289550781,293.54296875
475.087829589844,16.7174415588379
475.087829589844,16.7174415588379
491.721130371094,498.675842285156
491.721130371094,498.675842285156
491.721130371094,498.675842285156
505.149322509766,194.787307739258
505.149322509766,194.787307739258
517.350341796875,254.755966186523
517.350341796875,254.755966186523
520.18408203125,87.5678329467773
26.3917846679688,96.4372406005859
53.8749961853027,23.5631408691406
70.7763290405273,296.766052246094
70.7763290405273,296.766052246094
75.2120513916016,271.539489746094
111.452575683594,23.8703651428223
118.906066894531,190.787414550781
131.687164306641,162.065399169922
131.687164306641,162.065399169922
131.687164306641,162.065399169922
136.88688659668,315.923675537109
136.88688659668,315.923675537109
143.379150390625,262.393463134766
147.983932495117,389.643341064453
165.310897827148,204.178237915039
165.310897827148,204.178237915039
163.397033691406,239.783966064453
170.378540039062,332.582275390625
168.807830810547,447.603881835938
189.407363891602,151.573501586914
189.407363891602,151.573501586914
193.578277587891,122.674674987793
206.093795776367,305.51708984375
211.493499755859,275.502563476562
227.362380981445,159.239242553711
227.362380981445,159.239242553711
228.318099975586,284.342803955078
228.318099975586,284.342803955078
229.068054199219,491.072113037109
239.971389770508,355.890167236328
276.273101806641,448.949890136719
276.273101806641,448.949890136719
289.691040039062,333.086883544922
296.637512207031,302.363586425781
323.660949707031,79.4984283447266
332.364990234375,111.696899414062
338.391906738281,312.445892333984
346.499847412109,195.016555786133
421.145721435547,38.2461280822754
430.525329589844,72.5929260253906
448.769256591797,221.728698730469
510.429748535156,59.3387908935547
510.429748535156,59.3387908935547
522.988037109375,433.547729492188
26.8579502105713,65.9179000854492
36.1929397583008,180.663421630859
36.1929397583008,180.663421630859
59.0853385925293,358.900451660156
208.191650390625,334.729675292969
238.793060302734,415.139007568359
256.770965576172,244.080322265625
256.770965576172,244.080322265625
394.916748046875,69.881462097168
452.537109375,258.178680419922
452.537109375,258.178680419922
475.126617431641,380.954010009766
475.126617431641,380.954010009766
492.163238525391,421.59423828125
495.640716552734,313.977966308594
83.2240982055664,70.9761276245117
83.2240982055664,70.9761276245117
88.4823760986328,23.1261749267578
88.4823760986328,23.1261749267578
457.699493408203,342.034698486328
457.699493408203,342.034698486328
466.149780273438,104.536117553711
494.557952880859,311.428436279297
494.557952880859,311.428436279297
242.675537109375,107.325057983398
242.675537109375,107.325057983398
303.144714355469,116.35750579834
303.144714355469,116.35750579834
241.797988891602,74.6605377197266
